% 16-Apr-2019 15:25:47, created by disp_th_moments.m 
 
\begin{center}
\begin{longtable}{lccccccccc} 
\caption{MATRIX OF CORRELATIONS (HP filter, lambda = 1600)}\\
 \label{Table:th_corr_matrix}\\
\toprule 
$Variables  $	 & 	 $         a$	 & 	 $         y$	 & 	 $         i$	 & 	 $         k$	 & 	 $         c$	 & 	 $         h$	 & 	 $         r$	 & 	 $         w$	 & 	 $    lambda$\\
\midrule \endfirsthead 
\caption{(continued)}\\
 \toprule \\ 
$Variables  $	 & 	 $         a$	 & 	 $         y$	 & 	 $         i$	 & 	 $         k$	 & 	 $         c$	 & 	 $         h$	 & 	 $         r$	 & 	 $         w$	 & 	 $    lambda$\\
\midrule \endhead 
\midrule \multicolumn{10}{r}{(Continued on next page)} \\ \bottomrule \endfoot 
\bottomrule \endlastfoot 
$a          $	 & 	    1.0000	 & 	    0.9996	 & 	    0.9995	 & 	    0.3797	 & 	    0.4625	 & 	    0.9946	 & 	    0.9820	 & 	    0.9609	 & 	   -0.4625 \\ 
$y          $	 & 	    0.9996	 & 	    1.0000	 & 	    0.9983	 & 	    0.4059	 & 	    0.4876	 & 	    0.9912	 & 	    0.9762	 & 	    0.9684	 & 	   -0.4876 \\ 
$i          $	 & 	    0.9995	 & 	    0.9983	 & 	    1.0000	 & 	    0.3514	 & 	    0.4353	 & 	    0.9973	 & 	    0.9873	 & 	    0.9520	 & 	   -0.4353 \\ 
$k          $	 & 	    0.3797	 & 	    0.4059	 & 	    0.3514	 & 	    1.0000	 & 	    0.9958	 & 	    0.2815	 & 	    0.1981	 & 	    0.6211	 & 	   -0.9958 \\ 
$c          $	 & 	    0.4625	 & 	    0.4876	 & 	    0.4353	 & 	    0.9958	 & 	    1.0000	 & 	    0.3678	 & 	    0.2866	 & 	    0.6900	 & 	   -1.0000 \\ 
$h          $	 & 	    0.9946	 & 	    0.9912	 & 	    0.9973	 & 	    0.2815	 & 	    0.3678	 & 	    1.0000	 & 	    0.9963	 & 	    0.9269	 & 	   -0.3678 \\ 
$r          $	 & 	    0.9820	 & 	    0.9762	 & 	    0.9873	 & 	    0.1981	 & 	    0.2866	 & 	    0.9963	 & 	    1.0000	 & 	    0.8912	 & 	   -0.2866 \\ 
$w          $	 & 	    0.9609	 & 	    0.9684	 & 	    0.9520	 & 	    0.6211	 & 	    0.6900	 & 	    0.9269	 & 	    0.8912	 & 	    1.0000	 & 	   -0.6900 \\ 
$lambda     $	 & 	   -0.4625	 & 	   -0.4876	 & 	   -0.4353	 & 	   -0.9958	 & 	   -1.0000	 & 	   -0.3678	 & 	   -0.2866	 & 	   -0.6900	 & 	    1.0000 \\ 
\end{longtable}
 \end{center}
% End of TeX file.
