Starting Dynare (version 4.5.7).
Starting preprocessing of the model file ...
Found 9 equation(s).
Evaluating expressions...done
Computing static model derivatives:
 - order 1
Computing dynamic model derivatives:
 - order 1
Processing outputs ...
done
Preprocessing completed.

MODEL SUMMARY

  Number of variables:         9
  Number of stochastic shocks: 1
  Number of state variables:   2
  Number of jumpers:           3
  Number of static variables:  5


MATRIX OF COVARIANCE OF EXOGENOUS SHOCKS
Variables         eps
eps          1.000000

POLICY AND TRANSITION FUNCTIONS
                                   a               y               i               k               c               h               r               w          lambda
Constant                           0       -0.212731       -0.841431        1.658189       -0.974765       -1.148189       -2.969528        0.529994        0.974766
k(-1)                              0        0.127487       -0.247031        0.927161        0.555424       -0.308769       -0.872508        0.436256       -0.555424
a(-1)                       0.600000        1.065647        1.930194        0.105317        0.077787        0.698469        1.065641        0.367177       -0.077787
eps                         0.006600        0.011722        0.021232        0.001158        0.000856        0.007683        0.011722        0.004039       -0.000856


THEORETICAL MOMENTS (HP filter, lambda = 1600)
VARIABLE         MEAN  STD. DEV.   VARIANCE
a              0.0000     0.0071     0.0001
y             -0.2127     0.0126     0.0002
i             -0.8414     0.0229     0.0005
k              1.6582     0.0028     0.0000
c             -0.9748     0.0018     0.0000
h             -1.1482     0.0084     0.0001
r             -2.9695     0.0130     0.0002
w              0.5300     0.0044     0.0000
lambda         0.9748     0.0018     0.0000



MATRIX OF CORRELATIONS (HP filter, lambda = 1600)
Variables         a       y       i       k       c       h       r       w  lambda
a            1.0000  0.9996  0.9995  0.3797  0.4625  0.9946  0.9820  0.9609 -0.4625
y            0.9996  1.0000  0.9983  0.4059  0.4876  0.9912  0.9762  0.9684 -0.4876
i            0.9995  0.9983  1.0000  0.3514  0.4353  0.9973  0.9873  0.9520 -0.4353
k            0.3797  0.4059  0.3514  1.0000  0.9958  0.2815  0.1981  0.6211 -0.9958
c            0.4625  0.4876  0.4353  0.9958  1.0000  0.3678  0.2866  0.6900 -1.0000
h            0.9946  0.9912  0.9973  0.2815  0.3678  1.0000  0.9963  0.9269 -0.3678
r            0.9820  0.9762  0.9873  0.1981  0.2866  0.9963  1.0000  0.8912 -0.2866
w            0.9609  0.9684  0.9520  0.6211  0.6900  0.9269  0.8912  1.0000 -0.6900
lambda      -0.4625 -0.4876 -0.4353 -0.9958 -1.0000 -0.3678 -0.2866 -0.6900  1.0000



COEFFICIENTS OF AUTOCORRELATION (HP filter, lambda = 1600)
Order          1       2       3       4       5
a         0.4653  0.1538 -0.0220 -0.1153 -0.1587
y         0.4699  0.1596 -0.0167 -0.1113 -0.1563
i         0.4612  0.1486 -0.0268 -0.1189 -0.1610
k         0.8978  0.7029  0.4797  0.2639  0.0738
c         0.8755  0.6747  0.4539  0.2444  0.0619
h         0.4547  0.1404 -0.0343 -0.1246 -0.1644
r         0.4536  0.1389 -0.0356 -0.1256 -0.1650
w         0.5390  0.2473  0.0634 -0.0508 -0.1191
lambda    0.8755  0.6747  0.4539  0.2444  0.0619
Total computing time : 0h00m01s
